# z N2
0.000000000000000000e+00 3.382755554557561342e-05
2.000000000000000000e+00 3.327950185934434228e-05
4.000000000000000000e+00 3.273144817311306437e-05
6.000000000000000000e+00 3.218339448688179323e-05
8.000000000000000000e+00 3.163534080065052208e-05
1.000000000000000000e+01 3.108728711441924417e-05
1.200000000000000000e+01 3.174538472501281533e-05
1.400000000000000000e+01 3.240348233560638648e-05
1.600000000000000000e+01 3.306157994619995087e-05
1.800000000000000000e+01 3.371967755679352202e-05
2.000000000000000000e+01 3.437777516738708641e-05
2.200000000000000000e+01 3.615985030486625567e-05
2.400000000000000000e+01 3.794192544234541815e-05
2.600000000000000000e+01 3.972400057982458741e-05
2.800000000000000000e+01 4.150607571730374312e-05
3.000000000000000000e+01 4.328815085478291238e-05
3.200000000000000000e+01 4.406063393266030736e-05
3.400000000000000000e+01 4.483311701053769557e-05
3.600000000000000000e+01 4.560560008841508378e-05
3.800000000000000000e+01 4.637808316629247877e-05
4.000000000000000000e+01 4.715056624416987376e-05
4.200000000000000000e+01 4.792304932204725519e-05
4.400000000000000000e+01 4.869553239992465018e-05
4.600000000000000000e+01 4.946801547780204516e-05
4.800000000000000000e+01 5.024049855567943337e-05
5.000000000000000000e+01 5.101298163355682836e-05
5.200000000000000000e+01 4.944519648234835442e-05
5.400000000000000000e+01 4.787741133113987370e-05
5.600000000000000000e+01 4.630962617993139975e-05
5.800000000000000000e+01 4.474184102872292581e-05
6.000000000000000000e+01 4.317405587751444509e-05
6.200000000000000000e+01 4.160627072630597114e-05
6.400000000000000000e+01 4.003848557509749042e-05
6.600000000000000000e+01 3.847070042388901648e-05
6.800000000000000000e+01 3.690291527268054254e-05
7.000000000000000000e+01 3.533513012147206859e-05
7.200000000000000000e+01 3.376734497026358787e-05
7.400000000000000000e+01 3.219955981905511393e-05
7.600000000000000000e+01 3.080702667097086361e-05
7.800000000000000000e+01 2.958974552601085047e-05
8.000000000000000000e+01 2.837246438105083055e-05
8.200000000000000000e+01 2.715518323609081403e-05
8.400000000000000000e+01 2.593790209113079750e-05
8.600000000000000000e+01 2.472062094617078097e-05
8.800000000000000000e+01 2.350333980121075767e-05
9.000000000000000000e+01 2.228605865625074114e-05
9.200000000000000000e+01 2.106877751129072461e-05
9.400000000000000000e+01 1.985149636633070470e-05
9.600000000000000000e+01 1.863421522137068817e-05
9.800000000000000000e+01 1.741693407641066826e-05
1.000000000000000000e+02 1.619965293145065173e-05
1.020000000000000000e+02 1.554688802851919176e-05
1.040000000000000000e+02 1.489412312558772670e-05
1.060000000000000000e+02 1.424135822265626503e-05
1.080000000000000000e+02 1.358859331972479997e-05
1.100000000000000000e+02 1.293582841679333830e-05
1.120000000000000000e+02 1.228306351386187664e-05
1.140000000000000000e+02 1.163029861093041497e-05
1.160000000000000000e+02 1.097753370799895161e-05
1.180000000000000000e+02 1.032476880506748824e-05
1.200000000000000000e+02 9.672003902136024880e-06
1.220000000000000000e+02 9.019238999204563212e-06
1.240000000000000000e+02 8.366474096273101543e-06
1.260000000000000000e+02 7.806944479957734907e-06
1.280000000000000000e+02 7.340650150258465843e-06
1.300000000000000000e+02 6.874355820559196778e-06
1.320000000000000000e+02 6.408061490859927714e-06
1.340000000000000000e+02 5.941767161160658650e-06
1.360000000000000000e+02 5.475472831461390433e-06
1.380000000000000000e+02 5.009178501762120522e-06
1.400000000000000000e+02 4.542884172062850611e-06
1.420000000000000000e+02 4.076589842363581547e-06
1.440000000000000000e+02 3.610295512664312907e-06
1.460000000000000000e+02 3.144001182965043842e-06
1.480000000000000000e+02 2.677706853265773931e-06
1.500000000000000000e+02 2.211412523566505291e-06
1.520000000000000000e+02 2.210444327914569437e-06
1.540000000000000000e+02 2.209476132262633584e-06
1.560000000000000000e+02 2.208507936610697730e-06
1.580000000000000000e+02 2.207539740958762300e-06
1.600000000000000000e+02 2.206571545306826447e-06
1.620000000000000000e+02 2.205603349654891016e-06
1.640000000000000000e+02 2.204635154002954739e-06
1.660000000000000000e+02 2.203666958351018886e-06
1.680000000000000000e+02 2.202698762699083456e-06
1.700000000000000000e+02 2.201730567047147602e-06
1.720000000000000000e+02 2.200762371395212172e-06
1.740000000000000000e+02 2.199794175743275895e-06
1.760000000000000000e+02 2.198825980091340465e-06
1.780000000000000000e+02 2.197857784439404611e-06
1.800000000000000000e+02 2.196889588787468758e-06
1.820000000000000000e+02 2.195921393135532904e-06
1.840000000000000000e+02 2.194953197483597051e-06
1.860000000000000000e+02 2.193985001831661621e-06
1.880000000000000000e+02 2.193016806179725767e-06
1.900000000000000000e+02 2.192048610527789914e-06
1.920000000000000000e+02 2.191080414875854060e-06
1.940000000000000000e+02 2.190112219223918630e-06
1.960000000000000000e+02 2.189144023571982776e-06
1.980000000000000000e+02 2.188175827920046923e-06
2.000000000000000000e+02 2.187207632268111069e-06
2.020000000000000000e+02 2.140418746757603528e-06
2.040000000000000000e+02 2.093629861247095564e-06
2.060000000000000000e+02 2.046840975736588023e-06
2.080000000000000000e+02 2.000052090226080059e-06
2.100000000000000000e+02 1.953263204715572518e-06
2.120000000000000000e+02 1.906474319205064766e-06
2.140000000000000000e+02 1.859685433694557225e-06
2.160000000000000000e+02 1.812896548184049260e-06
2.180000000000000000e+02 1.766107662673541719e-06
2.200000000000000000e+02 1.719318777163033967e-06
2.220000000000000000e+02 1.672529891652526426e-06
2.240000000000000000e+02 1.625741006142018462e-06
2.260000000000000000e+02 1.578952120631510921e-06
2.280000000000000000e+02 1.532163235121002956e-06
2.300000000000000000e+02 1.485374349610495416e-06
2.320000000000000000e+02 1.438585464099987875e-06
2.340000000000000000e+02 1.391796578589479910e-06
2.360000000000000000e+02 1.345007693078972370e-06
2.380000000000000000e+02 1.298218807568464617e-06
2.400000000000000000e+02 1.251429922057956864e-06
2.420000000000000000e+02 1.204641036547449324e-06
2.440000000000000000e+02 1.157852151036941359e-06
2.460000000000000000e+02 1.111063265526433607e-06
2.480000000000000000e+02 1.064274380015925854e-06
2.500000000000000000e+02 1.017485494505418313e-06
2.520000000000000000e+02 1.120076616017975695e-06
2.540000000000000000e+02 1.222667737530533289e-06
2.560000000000000000e+02 1.325258859043090882e-06
2.580000000000000000e+02 1.427849980555648264e-06
2.600000000000000000e+02 1.530441102068205858e-06
2.620000000000000000e+02 1.633032223580763240e-06
2.640000000000000000e+02 1.735623345093320833e-06
2.660000000000000000e+02 1.838214466605878215e-06
2.680000000000000000e+02 1.940805588118435597e-06
2.700000000000000000e+02 2.043396709630993402e-06
2.720000000000000000e+02 2.145987831143550784e-06
2.740000000000000000e+02 2.248578952656108166e-06
2.760000000000000000e+02 2.351170074168665548e-06
2.780000000000000000e+02 2.453761195681222930e-06
2.800000000000000000e+02 2.556352317193780735e-06
2.820000000000000000e+02 2.658943438706338117e-06
2.840000000000000000e+02 2.761534560218895499e-06
2.860000000000000000e+02 2.864125681731452881e-06
2.880000000000000000e+02 2.966716803244010686e-06
2.900000000000000000e+02 3.069307924756568068e-06
2.920000000000000000e+02 3.171899046269125450e-06
2.940000000000000000e+02 3.274490167781682832e-06
2.960000000000000000e+02 3.377081289294240214e-06
2.980000000000000000e+02 3.479672410806798019e-06
3.000000000000000000e+02 3.582263532319355401e-06
3.020000000000000000e+02 3.571344855569793331e-06
3.040000000000000000e+02 3.560426178820231685e-06
3.060000000000000000e+02 3.549507502070669192e-06
3.080000000000000000e+02 3.538588825321107547e-06
3.100000000000000000e+02 3.527670148571545901e-06
3.120000000000000000e+02 3.516751471821983408e-06
3.140000000000000000e+02 3.505832795072421762e-06
3.160000000000000000e+02 3.494914118322859692e-06
3.180000000000000000e+02 3.483995441573298046e-06
3.200000000000000000e+02 3.473076764823736400e-06
3.220000000000000000e+02 3.462158088074173907e-06
3.240000000000000000e+02 3.451239411324612261e-06
3.260000000000000000e+02 3.440320734575050192e-06
3.280000000000000000e+02 3.429402057825488122e-06
3.300000000000000000e+02 3.418483381075926053e-06
3.320000000000000000e+02 3.407564704326363983e-06
3.340000000000000000e+02 3.396646027576802338e-06
3.360000000000000000e+02 3.385727350827240268e-06
3.380000000000000000e+02 3.374808674077678199e-06
3.400000000000000000e+02 3.363889997328116976e-06
3.420000000000000000e+02 3.352971320578554907e-06
3.440000000000000000e+02 3.342052643828992837e-06
3.460000000000000000e+02 3.331133967079430768e-06
3.480000000000000000e+02 3.320215290329868698e-06
3.500000000000000000e+02 3.309296613580306629e-06
3.520000000000000000e+02 3.298377936830744983e-06
3.540000000000000000e+02 3.287459260081183337e-06
3.560000000000000000e+02 3.276540583331620844e-06
3.580000000000000000e+02 3.265621906582059198e-06
3.600000000000000000e+02 3.254703229832497129e-06
3.620000000000000000e+02 3.243784553082935059e-06
3.640000000000000000e+02 3.232865876333372990e-06
3.660000000000000000e+02 3.221947199583810920e-06
3.680000000000000000e+02 3.211028522834249274e-06
3.700000000000000000e+02 3.200109846084687628e-06
3.720000000000000000e+02 3.189191169335125559e-06
3.740000000000000000e+02 3.178272492585563489e-06
3.760000000000000000e+02 3.167353815836001420e-06
3.780000000000000000e+02 3.156435139086439774e-06
3.800000000000000000e+02 3.145516462336877704e-06
3.820000000000000000e+02 3.134597785587316058e-06
3.840000000000000000e+02 3.123679108837753989e-06
3.860000000000000000e+02 3.112760432088191920e-06
3.880000000000000000e+02 3.101841755338629850e-06
3.900000000000000000e+02 3.090923078589067781e-06
3.920000000000000000e+02 3.080004401839505711e-06
3.940000000000000000e+02 3.069085725089944065e-06
3.960000000000000000e+02 3.058167048340381996e-06
3.980000000000000000e+02 3.047248371590820350e-06
4.000000000000000000e+02 3.036329694841258280e-06
4.020000000000000000e+02 3.047263340730484208e-06
4.040000000000000000e+02 3.058196986619710136e-06
4.060000000000000000e+02 3.069130632508935641e-06
4.080000000000000000e+02 3.080064278398161992e-06
4.100000000000000000e+02 3.090997924287387920e-06
4.120000000000000000e+02 3.101931570176613848e-06
4.140000000000000000e+02 3.112865216065840200e-06
4.160000000000000000e+02 3.123798861955065704e-06
4.180000000000000000e+02 3.134732507844292056e-06
4.200000000000000000e+02 3.145666153733517984e-06
4.220000000000000000e+02 3.156599799622743488e-06
4.240000000000000000e+02 3.167533445511969416e-06
4.260000000000000000e+02 3.178467091401195344e-06
4.280000000000000000e+02 3.189400737290421272e-06
4.300000000000000000e+02 3.200334383179646776e-06
4.320000000000000000e+02 3.211268029068872704e-06
4.340000000000000000e+02 3.222201674958099056e-06
4.360000000000000000e+02 3.233135320847324984e-06
4.380000000000000000e+02 3.244068966736550912e-06
4.400000000000000000e+02 3.255002612625776840e-06
4.420000000000000000e+02 3.265936258515003191e-06
4.440000000000000000e+02 3.276869904404228696e-06
4.460000000000000000e+02 3.287803550293455047e-06
4.480000000000000000e+02 3.298737196182680552e-06
4.500000000000000000e+02 3.309670842071906480e-06
4.520000000000000000e+02 3.320604487961132408e-06
4.540000000000000000e+02 3.331538133850358336e-06
4.560000000000000000e+02 3.342471779739584264e-06
4.580000000000000000e+02 3.353405425628810192e-06
4.600000000000000000e+02 3.364339071518036120e-06
4.620000000000000000e+02 3.375272717407262471e-06
4.640000000000000000e+02 3.386206363296487975e-06
4.660000000000000000e+02 3.397140009185713480e-06
4.680000000000000000e+02 3.408073655074939831e-06
4.700000000000000000e+02 3.419007300964165759e-06
4.720000000000000000e+02 3.429940946853391687e-06
4.740000000000000000e+02 3.440874592742617615e-06
4.760000000000000000e+02 3.451808238631843543e-06
4.780000000000000000e+02 3.462741884521069471e-06
4.800000000000000000e+02 3.473675530410295399e-06
4.820000000000000000e+02 3.484609176299521327e-06
4.840000000000000000e+02 3.495542822188747255e-06
4.860000000000000000e+02 3.506476468077973183e-06
4.880000000000000000e+02 3.517410113967199111e-06
4.900000000000000000e+02 3.528343759856425039e-06
4.920000000000000000e+02 3.539277405745650967e-06
4.940000000000000000e+02 3.550211051634876895e-06
4.960000000000000000e+02 3.561144697524102823e-06
4.980000000000000000e+02 3.572078343413328751e-06
5.000000000000000000e+02 3.583011989302554679e-06
5.020000000000000000e+02 3.564975450228210002e-06
5.040000000000000000e+02 3.546938911153865324e-06
5.060000000000000000e+02 3.528902372079520647e-06
5.080000000000000000e+02 3.510865833005176393e-06
5.100000000000000000e+02 3.492829293930831716e-06
5.120000000000000000e+02 3.474792754856487462e-06
5.140000000000000000e+02 3.456756215782143209e-06
5.160000000000000000e+02 3.438719676707798531e-06
5.180000000000000000e+02 3.420683137633454277e-06
5.200000000000000000e+02 3.402646598559109600e-06
5.220000000000000000e+02 3.384610059484764923e-06
5.240000000000000000e+02 3.366573520410420246e-06
5.260000000000000000e+02 3.348536981336075568e-06
5.280000000000000000e+02 3.330500442261730891e-06
5.300000000000000000e+02 3.312463903187386637e-06
5.320000000000000000e+02 3.294427364113041960e-06
5.340000000000000000e+02 3.276390825038697283e-06
5.360000000000000000e+02 3.258354285964353029e-06
5.380000000000000000e+02 3.240317746890008775e-06
5.400000000000000000e+02 3.222281207815664098e-06
5.420000000000000000e+02 3.204244668741319844e-06
5.440000000000000000e+02 3.186208129666975167e-06
5.460000000000000000e+02 3.168171590592630913e-06
5.480000000000000000e+02 3.150135051518285812e-06
5.500000000000000000e+02 3.132098512443941559e-06
5.520000000000000000e+02 3.114061973369596458e-06
5.540000000000000000e+02 3.096025434295252204e-06
5.560000000000000000e+02 3.077988895220907950e-06
5.580000000000000000e+02 3.059952356146563273e-06
5.600000000000000000e+02 3.041915817072218596e-06
5.620000000000000000e+02 3.023879277997874342e-06
5.640000000000000000e+02 3.005842738923529665e-06
5.660000000000000000e+02 2.987806199849184987e-06
5.680000000000000000e+02 2.969769660774840310e-06
5.700000000000000000e+02 2.951733121700496056e-06
5.720000000000000000e+02 2.933696582626151379e-06
5.740000000000000000e+02 2.915660043551807125e-06
5.760000000000000000e+02 2.897623504477462448e-06
5.780000000000000000e+02 2.879586965403117771e-06
5.800000000000000000e+02 2.861550426328773093e-06
5.820000000000000000e+02 2.843513887254428840e-06
5.840000000000000000e+02 2.825477348180084162e-06
5.860000000000000000e+02 2.807440809105739908e-06
5.880000000000000000e+02 2.789404270031394808e-06
5.900000000000000000e+02 2.771367730957050977e-06
5.920000000000000000e+02 2.753331191882706300e-06
5.940000000000000000e+02 2.735294652808361623e-06
5.960000000000000000e+02 2.717258113734017369e-06
5.980000000000000000e+02 2.699221574659672692e-06
6.000000000000000000e+02 2.681185035585328015e-06
6.020000000000000000e+02 2.657147233354195789e-06
6.040000000000000000e+02 2.633109431123063563e-06
6.060000000000000000e+02 2.609071628891930913e-06
6.080000000000000000e+02 2.585033826660799111e-06
6.100000000000000000e+02 2.560996024429666885e-06
6.120000000000000000e+02 2.536958222198534236e-06
6.140000000000000000e+02 2.512920419967402010e-06
6.160000000000000000e+02 2.488882617736269784e-06
6.180000000000000000e+02 2.464844815505137135e-06
6.200000000000000000e+02 2.440807013274005332e-06
6.220000000000000000e+02 2.416769211042872683e-06
6.240000000000000000e+02 2.392731408811740457e-06
6.260000000000000000e+02 2.368693606580608231e-06
6.280000000000000000e+02 2.344655804349475582e-06
6.300000000000000000e+02 2.320618002118343356e-06
6.320000000000000000e+02 2.296580199887211130e-06
6.340000000000000000e+02 2.272542397656078904e-06
6.360000000000000000e+02 2.248504595424946678e-06
6.380000000000000000e+02 2.224466793193814453e-06
6.400000000000000000e+02 2.200428990962682227e-06
6.420000000000000000e+02 2.176391188731550001e-06
6.440000000000000000e+02 2.152353386500417775e-06
6.460000000000000000e+02 2.128315584269285549e-06
6.480000000000000000e+02 2.104277782038152900e-06
6.500000000000000000e+02 2.080239979807020674e-06
6.520000000000000000e+02 2.056202177575888448e-06
6.540000000000000000e+02 2.032164375344755799e-06
6.560000000000000000e+02 2.008126573113623573e-06
6.580000000000000000e+02 1.984088770882491347e-06
6.600000000000000000e+02 1.960050968651359121e-06
6.620000000000000000e+02 1.936013166420226895e-06
6.640000000000000000e+02 1.911975364189094669e-06
6.660000000000000000e+02 1.887937561957962232e-06
6.680000000000000000e+02 1.863899759726829794e-06
6.700000000000000000e+02 1.839861957495697568e-06
6.720000000000000000e+02 1.815824155264565342e-06
6.740000000000000000e+02 1.791786353033433116e-06
6.760000000000000000e+02 1.767748550802300891e-06
6.780000000000000000e+02 1.743710748571168665e-06
6.800000000000000000e+02 1.719672946340036439e-06
6.820000000000000000e+02 1.695635144108904213e-06
6.840000000000000000e+02 1.671597341877771775e-06
6.860000000000000000e+02 1.647559539646639338e-06
6.880000000000000000e+02 1.623521737415507112e-06
6.900000000000000000e+02 1.599483935184374886e-06
6.920000000000000000e+02 1.575446132953242448e-06
6.940000000000000000e+02 1.551408330722110222e-06
6.960000000000000000e+02 1.527370528490977997e-06
6.980000000000000000e+02 1.503332726259845559e-06
7.000000000000000000e+02 1.479294924028713333e-06
7.020000000000000000e+02 1.520461573835717156e-06
7.040000000000000000e+02 1.561628223642720766e-06
7.060000000000000000e+02 1.602794873449724589e-06
7.080000000000000000e+02 1.643961523256728411e-06
7.100000000000000000e+02 1.685128173063732234e-06
7.120000000000000000e+02 1.726294822870735844e-06
7.140000000000000000e+02 1.767461472677739667e-06
7.160000000000000000e+02 1.808628122484743489e-06
7.180000000000000000e+02 1.849794772291747312e-06
7.200000000000000000e+02 1.890961422098751134e-06
7.220000000000000000e+02 1.932128071905754745e-06
7.240000000000000000e+02 1.973294721712758356e-06
7.260000000000000000e+02 2.014461371519761966e-06
7.280000000000000000e+02 2.055628021326766000e-06
7.300000000000000000e+02 2.096794671133769188e-06
7.320000000000000000e+02 2.137961320940773222e-06
7.340000000000000000e+02 2.179127970747777256e-06
7.360000000000000000e+02 2.220294620554780867e-06
7.380000000000000000e+02 2.261461270361784478e-06
7.400000000000000000e+02 2.302627920168788512e-06
7.420000000000000000e+02 2.343794569975792546e-06
7.440000000000000000e+02 2.384961219782795733e-06
7.460000000000000000e+02 2.426127869589799767e-06
7.480000000000000000e+02 2.467294519396803378e-06
7.500000000000000000e+02 2.508461169203806989e-06
7.520000000000000000e+02 2.549627819010811023e-06
7.540000000000000000e+02 2.590794468817815057e-06
7.560000000000000000e+02 2.631961118624818244e-06
7.580000000000000000e+02 2.673127768431822279e-06
7.600000000000000000e+02 2.714294418238825889e-06
7.620000000000000000e+02 2.755461068045829924e-06
7.640000000000000000e+02 2.796627717852833534e-06
7.660000000000000000e+02 2.837794367659837145e-06
7.680000000000000000e+02 2.878961017466841179e-06
7.700000000000000000e+02 2.920127667273844366e-06
7.720000000000000000e+02 2.961294317080848401e-06
7.740000000000000000e+02 3.002460966887852011e-06
7.760000000000000000e+02 3.043627616694856045e-06
7.780000000000000000e+02 3.084794266501859656e-06
7.800000000000000000e+02 3.125960916308863690e-06
7.820000000000000000e+02 3.167127566115867301e-06
7.840000000000000000e+02 3.208294215922871335e-06
7.860000000000000000e+02 3.249460865729874946e-06
7.880000000000000000e+02 3.290627515536878557e-06
7.900000000000000000e+02 3.331794165343882591e-06
7.920000000000000000e+02 3.372960815150886202e-06
7.940000000000000000e+02 3.414127464957889812e-06
7.960000000000000000e+02 3.455294114764893423e-06
7.980000000000000000e+02 3.496460764571897457e-06
8.000000000000000000e+02 3.537627414378901068e-06
8.020000000000000000e+02 3.606537124261088268e-06
8.040000000000000000e+02 3.675446834143275044e-06
8.060000000000000000e+02 3.744356544025462243e-06
8.080000000000000000e+02 3.813266253907649443e-06
8.100000000000000000e+02 3.882175963789837066e-06
8.120000000000000000e+02 3.951085673672023419e-06
8.140000000000000000e+02 4.019995383554210619e-06
8.160000000000000000e+02 4.088905093436397818e-06
8.180000000000000000e+02 4.157814803318585018e-06
8.200000000000000000e+02 4.226724513200772218e-06
8.220000000000000000e+02 4.295634223082959417e-06
8.240000000000000000e+02 4.364543932965146617e-06
8.260000000000000000e+02 4.433453642847332970e-06
8.280000000000000000e+02 4.502363352729520169e-06
8.300000000000000000e+02 4.571273062611707369e-06
8.320000000000000000e+02 4.640182772493894569e-06
8.340000000000000000e+02 4.709092482376081768e-06
8.360000000000000000e+02 4.778002192258268968e-06
8.380000000000000000e+02 4.846911902140456168e-06
8.400000000000000000e+02 4.915821612022643367e-06
8.420000000000000000e+02 4.984731321904830567e-06
8.440000000000000000e+02 5.053641031787017767e-06
8.460000000000000000e+02 5.122550741669204967e-06
8.480000000000000000e+02 5.191460451551391319e-06
8.500000000000000000e+02 5.260370161433578519e-06
8.520000000000000000e+02 5.329279871315765719e-06
8.540000000000000000e+02 5.398189581197952918e-06
8.560000000000000000e+02 5.467099291080140118e-06
8.580000000000000000e+02 5.536009000962326471e-06
8.600000000000000000e+02 5.604918710844513670e-06
8.620000000000000000e+02 5.673828420726700870e-06
8.640000000000000000e+02 5.742738130608888070e-06
8.660000000000000000e+02 5.811647840491075269e-06
8.680000000000000000e+02 5.880557550373262469e-06
8.700000000000000000e+02 5.949467260255449669e-06
8.720000000000000000e+02 6.018376970137636868e-06
8.740000000000000000e+02 6.087286680019823221e-06
8.760000000000000000e+02 6.156196389902011268e-06
8.780000000000000000e+02 6.225106099784197620e-06
8.800000000000000000e+02 6.294015809666384820e-06
8.820000000000000000e+02 6.362925519548572020e-06
8.840000000000000000e+02 6.431835229430759219e-06
8.860000000000000000e+02 6.500744939312945572e-06
8.880000000000000000e+02 6.569654649195133619e-06
8.900000000000000000e+02 6.638564359077320818e-06
8.920000000000000000e+02 6.707474068959507171e-06
8.940000000000000000e+02 6.776383778841694371e-06
8.960000000000000000e+02 6.845293488723881570e-06
8.980000000000000000e+02 6.914203198606068770e-06
9.000000000000000000e+02 6.983112908488255970e-06
9.020000000000000000e+02 6.992191112217183161e-06
9.040000000000000000e+02 7.001269315946110353e-06
9.060000000000000000e+02 7.010347519675037545e-06
9.080000000000000000e+02 7.019425723403964736e-06
9.100000000000000000e+02 7.028503927132892775e-06
9.120000000000000000e+02 7.037582130861819120e-06
9.140000000000000000e+02 7.046660334590746311e-06
9.160000000000000000e+02 7.055738538319673503e-06
9.180000000000000000e+02 7.064816742048601542e-06
9.200000000000000000e+02 7.073894945777527886e-06
9.220000000000000000e+02 7.082973149506455078e-06
9.240000000000000000e+02 7.092051353235382269e-06
9.260000000000000000e+02 7.101129556964309461e-06
9.280000000000000000e+02 7.110207760693237500e-06
9.300000000000000000e+02 7.119285964422163844e-06
9.320000000000000000e+02 7.128364168151091036e-06
9.340000000000000000e+02 7.137442371880019075e-06
9.360000000000000000e+02 7.146520575608945419e-06
9.380000000000000000e+02 7.155598779337873458e-06
9.400000000000000000e+02 7.164676983066799802e-06
9.420000000000000000e+02 7.173755186795727841e-06
9.440000000000000000e+02 7.182833390524655033e-06
9.460000000000000000e+02 7.191911594253582224e-06
9.480000000000000000e+02 7.200989797982508569e-06
9.500000000000000000e+02 7.210068001711436608e-06
9.520000000000000000e+02 7.219146205440362952e-06
9.540000000000000000e+02 7.228224409169290991e-06
9.560000000000000000e+02 7.237302612898218183e-06
9.580000000000000000e+02 7.246380816627144527e-06
9.600000000000000000e+02 7.255459020356071719e-06
9.620000000000000000e+02 7.264537224084999757e-06
9.640000000000000000e+02 7.273615427813926102e-06
9.660000000000000000e+02 7.282693631542854141e-06
9.680000000000000000e+02 7.291771835271781332e-06
9.700000000000000000e+02 7.300850039000708524e-06
9.720000000000000000e+02 7.309928242729634869e-06
9.740000000000000000e+02 7.319006446458562907e-06
9.760000000000000000e+02 7.328084650187490099e-06
9.780000000000000000e+02 7.337162853916417290e-06
9.800000000000000000e+02 7.346241057645344482e-06
9.820000000000000000e+02 7.355319261374271674e-06
9.840000000000000000e+02 7.364397465103198018e-06
9.860000000000000000e+02 7.373475668832126057e-06
9.880000000000000000e+02 7.382553872561053249e-06
9.900000000000000000e+02 7.391632076289979593e-06
9.920000000000000000e+02 7.400710280018907632e-06
9.940000000000000000e+02 7.409788483747834824e-06
9.960000000000000000e+02 7.418866687476762015e-06
9.980000000000000000e+02 7.427944891205689207e-06
1.000000000000000000e+03 7.437023094934616398e-06
1.002000000000000000e+03 7.454032178024869480e-06
1.004000000000000000e+03 7.471041261115124255e-06
1.006000000000000000e+03 7.488050344205377337e-06
1.008000000000000000e+03 7.505059427295631265e-06
1.010000000000000000e+03 7.522068510385885193e-06
1.012000000000000000e+03 7.539077593476139122e-06
1.014000000000000000e+03 7.556086676566393050e-06
1.016000000000000000e+03 7.573095759656646131e-06
1.018000000000000000e+03 7.590104842746900907e-06
1.020000000000000000e+03 7.607113925837154835e-06
1.022000000000000000e+03 7.624123008927407917e-06
1.024000000000000000e+03 7.641132092017662692e-06
1.026000000000000000e+03 7.658141175107916620e-06
1.028000000000000000e+03 7.675150258198168855e-06
1.030000000000000000e+03 7.692159341288422783e-06
1.032000000000000000e+03 7.709168424378676712e-06
1.034000000000000000e+03 7.726177507468930640e-06
1.036000000000000000e+03 7.743186590559184568e-06
1.038000000000000000e+03 7.760195673649438497e-06
1.040000000000000000e+03 7.777204756739692425e-06
1.042000000000000000e+03 7.794213839829946354e-06
1.044000000000000000e+03 7.811222922920200282e-06
1.046000000000000000e+03 7.828232006010454210e-06
1.048000000000000000e+03 7.845241089100706445e-06
1.050000000000000000e+03 7.862250172190960373e-06
1.052000000000000000e+03 7.879259255281214301e-06
1.054000000000000000e+03 7.896268338371468230e-06
1.056000000000000000e+03 7.913277421461722158e-06
1.058000000000000000e+03 7.930286504551976087e-06
1.060000000000000000e+03 7.947295587642230015e-06
1.062000000000000000e+03 7.964304670732483943e-06
1.064000000000000000e+03 7.981313753822737872e-06
1.066000000000000000e+03 7.998322836912991800e-06
1.068000000000000000e+03 8.015331920003245729e-06
1.070000000000000000e+03 8.032341003093497963e-06
1.072000000000000000e+03 8.049350086183753585e-06
1.074000000000000000e+03 8.066359169274005820e-06
1.076000000000000000e+03 8.083368252364259748e-06
1.078000000000000000e+03 8.100377335454513676e-06
1.080000000000000000e+03 8.117386418544767605e-06
1.082000000000000000e+03 8.134395501635021533e-06
1.084000000000000000e+03 8.151404584725275462e-06
1.086000000000000000e+03 8.168413667815527696e-06
1.088000000000000000e+03 8.185422750905783318e-06
1.090000000000000000e+03 8.202431833996035553e-06
1.092000000000000000e+03 8.219440917086289481e-06
1.094000000000000000e+03 8.236450000176545104e-06
1.096000000000000000e+03 8.253459083266797338e-06
1.098000000000000000e+03 8.270468166357051266e-06
1.100000000000000000e+03 8.287477249447305195e-06
1.102000000000000000e+03 8.250505563927963549e-06
1.104000000000000000e+03 8.213533878408621903e-06
1.106000000000000000e+03 8.176562192889281951e-06
1.108000000000000000e+03 8.139590507369940306e-06
1.110000000000000000e+03 8.102618821850598660e-06
1.112000000000000000e+03 8.065647136331258708e-06
1.114000000000000000e+03 8.028675450811917062e-06
1.116000000000000000e+03 7.991703765292575417e-06
1.118000000000000000e+03 7.954732079773235465e-06
1.120000000000000000e+03 7.917760394253893819e-06
1.122000000000000000e+03 7.880788708734552173e-06
1.124000000000000000e+03 7.843817023215212222e-06
1.126000000000000000e+03 7.806845337695870576e-06
1.128000000000000000e+03 7.769873652176528930e-06
1.130000000000000000e+03 7.732901966657187284e-06
1.132000000000000000e+03 7.695930281137845639e-06
1.134000000000000000e+03 7.658958595618505687e-06
1.136000000000000000e+03 7.621986910099164888e-06
1.138000000000000000e+03 7.585015224579823243e-06
1.140000000000000000e+03 7.548043539060482444e-06
1.142000000000000000e+03 7.511071853541140798e-06
1.144000000000000000e+03 7.474100168021800846e-06
1.146000000000000000e+03 7.437128482502459201e-06
1.148000000000000000e+03 7.400156796983117555e-06
1.150000000000000000e+03 7.363185111463775909e-06
1.152000000000000000e+03 7.326213425944434263e-06
1.154000000000000000e+03 7.289241740425094312e-06
1.156000000000000000e+03 7.252270054905752666e-06
1.158000000000000000e+03 7.215298369386411867e-06
1.160000000000000000e+03 7.178326683867071068e-06
1.162000000000000000e+03 7.141354998347729423e-06
1.164000000000000000e+03 7.104383312828387777e-06
1.166000000000000000e+03 7.067411627309046978e-06
1.168000000000000000e+03 7.030439941789706179e-06
1.170000000000000000e+03 6.993468256270365381e-06
1.172000000000000000e+03 6.956496570751024582e-06
1.174000000000000000e+03 6.919524885231682936e-06
1.176000000000000000e+03 6.882553199712341290e-06
1.178000000000000000e+03 6.845581514193000492e-06
1.180000000000000000e+03 6.808609828673658846e-06
1.182000000000000000e+03 6.771638143154318047e-06
1.184000000000000000e+03 6.734666457634976401e-06
1.186000000000000000e+03 6.697694772115635603e-06
1.188000000000000000e+03 6.660723086596293957e-06
1.190000000000000000e+03 6.623751401076953158e-06
1.192000000000000000e+03 6.586779715557612360e-06
1.194000000000000000e+03 6.549808030038271561e-06
1.196000000000000000e+03 6.512836344518929915e-06
1.198000000000000000e+03 6.475864658999589116e-06
1.200000000000000000e+03 6.438892973480247471e-06
1.202000000000000000e+03 6.418546469469092294e-06
1.204000000000000000e+03 6.398199965457937117e-06
1.206000000000000000e+03 6.377853461446781941e-06
1.208000000000000000e+03 6.357506957435627611e-06
1.210000000000000000e+03 6.337160453424471587e-06
1.212000000000000000e+03 6.316813949413316411e-06
1.214000000000000000e+03 6.296467445402161234e-06
1.216000000000000000e+03 6.276120941391006058e-06
1.218000000000000000e+03 6.255774437379851728e-06
1.220000000000000000e+03 6.235427933368696551e-06
1.222000000000000000e+03 6.215081429357542222e-06
1.224000000000000000e+03 6.194734925346386198e-06
1.226000000000000000e+03 6.174388421335231869e-06
1.228000000000000000e+03 6.154041917324076692e-06
1.230000000000000000e+03 6.133695413312921515e-06
1.232000000000000000e+03 6.113348909301765492e-06
1.234000000000000000e+03 6.093002405290610315e-06
1.236000000000000000e+03 6.072655901279455138e-06
1.238000000000000000e+03 6.052309397268300809e-06
1.240000000000000000e+03 6.031962893257145632e-06
1.242000000000000000e+03 6.011616389245990456e-06
1.244000000000000000e+03 5.991269885234836126e-06
1.246000000000000000e+03 5.970923381223680102e-06
1.248000000000000000e+03 5.950576877212525773e-06
1.250000000000000000e+03 5.930230373201369749e-06
1.252000000000000000e+03 5.909883869190215420e-06
1.254000000000000000e+03 5.889537365179060243e-06
1.256000000000000000e+03 5.869190861167905066e-06
1.258000000000000000e+03 5.848844357156749890e-06
1.260000000000000000e+03 5.828497853145594713e-06
1.262000000000000000e+03 5.808151349134439536e-06
1.264000000000000000e+03 5.787804845123284360e-06
1.266000000000000000e+03 5.767458341112129183e-06
1.268000000000000000e+03 5.747111837100974007e-06
1.270000000000000000e+03 5.726765333089819677e-06
1.272000000000000000e+03 5.706418829078663653e-06
1.274000000000000000e+03 5.686072325067508477e-06
1.276000000000000000e+03 5.665725821056354147e-06
1.278000000000000000e+03 5.645379317045198971e-06
1.280000000000000000e+03 5.625032813034043794e-06
1.282000000000000000e+03 5.604686309022888617e-06
1.284000000000000000e+03 5.584339805011733441e-06
1.286000000000000000e+03 5.563993301000579111e-06
1.288000000000000000e+03 5.543646796989423934e-06
1.290000000000000000e+03 5.523300292978267911e-06
1.292000000000000000e+03 5.502953788967113581e-06
1.294000000000000000e+03 5.482607284955958405e-06
1.296000000000000000e+03 5.462260780944803228e-06
1.298000000000000000e+03 5.441914276933648051e-06
1.300000000000000000e+03 5.421567772922492875e-06
1.302000000000000000e+03 5.395054335627356932e-06
1.304000000000000000e+03 5.368540898332220990e-06
1.306000000000000000e+03 5.342027461037085047e-06
1.308000000000000000e+03 5.315514023741949105e-06
1.310000000000000000e+03 5.289000586446814010e-06
1.312000000000000000e+03 5.262487149151678067e-06
1.314000000000000000e+03 5.235973711856542125e-06
1.316000000000000000e+03 5.209460274561405335e-06
1.318000000000000000e+03 5.182946837266270240e-06
1.320000000000000000e+03 5.156433399971134297e-06
1.322000000000000000e+03 5.129919962675998355e-06
1.324000000000000000e+03 5.103406525380863260e-06
1.326000000000000000e+03 5.076893088085725623e-06
1.328000000000000000e+03 5.050379650790590528e-06
1.330000000000000000e+03 5.023866213495454585e-06
1.332000000000000000e+03 4.997352776200318643e-06
1.334000000000000000e+03 4.970839338905182700e-06
1.336000000000000000e+03 4.944325901610047605e-06
1.338000000000000000e+03 4.917812464314910816e-06
1.340000000000000000e+03 4.891299027019775720e-06
1.342000000000000000e+03 4.864785589724639778e-06
1.344000000000000000e+03 4.838272152429503835e-06
1.346000000000000000e+03 4.811758715134367893e-06
1.348000000000000000e+03 4.785245277839231951e-06
1.350000000000000000e+03 4.758731840544096008e-06
1.352000000000000000e+03 4.732218403248960066e-06
1.354000000000000000e+03 4.705704965953824123e-06
1.356000000000000000e+03 4.679191528658688181e-06
1.358000000000000000e+03 4.652678091363552238e-06
1.360000000000000000e+03 4.626164654068416296e-06
1.362000000000000000e+03 4.599651216773280354e-06
1.364000000000000000e+03 4.573137779478144411e-06
1.366000000000000000e+03 4.546624342183008469e-06
1.368000000000000000e+03 4.520110904887873373e-06
1.370000000000000000e+03 4.493597467592737431e-06
1.372000000000000000e+03 4.467084030297601488e-06
1.374000000000000000e+03 4.440570593002465546e-06
1.376000000000000000e+03 4.414057155707329604e-06
1.378000000000000000e+03 4.387543718412193661e-06
1.380000000000000000e+03 4.361030281117057719e-06
1.382000000000000000e+03 4.334516843821921776e-06
1.384000000000000000e+03 4.308003406526786681e-06
1.386000000000000000e+03 4.281489969231649891e-06
1.388000000000000000e+03 4.254976531936514796e-06
1.390000000000000000e+03 4.228463094641378854e-06
1.392000000000000000e+03 4.201949657346242064e-06
1.394000000000000000e+03 4.175436220051106122e-06
1.396000000000000000e+03 4.148922782755971026e-06
1.398000000000000000e+03 4.122409345460835084e-06
1.400000000000000000e+03 4.095895908165699141e-06
1.402000000000000000e+03 4.061786236144032296e-06
1.404000000000000000e+03 4.027676564122365451e-06
1.406000000000000000e+03 3.993566892100697759e-06
1.408000000000000000e+03 3.959457220079031761e-06
1.410000000000000000e+03 3.925347548057364916e-06
1.412000000000000000e+03 3.891237876035698071e-06
1.414000000000000000e+03 3.857128204014031226e-06
1.416000000000000000e+03 3.823018531992364381e-06
1.418000000000000000e+03 3.788908859970697536e-06
1.420000000000000000e+03 3.754799187949030691e-06
1.422000000000000000e+03 3.720689515927364269e-06
1.424000000000000000e+03 3.686579843905697000e-06
1.426000000000000000e+03 3.652470171884030155e-06
1.428000000000000000e+03 3.618360499862363310e-06
1.430000000000000000e+03 3.584250827840696465e-06
1.432000000000000000e+03 3.550141155819029620e-06
1.434000000000000000e+03 3.516031483797362352e-06
1.436000000000000000e+03 3.481921811775695930e-06
1.438000000000000000e+03 3.447812139754029085e-06
1.440000000000000000e+03 3.413702467732362240e-06
1.442000000000000000e+03 3.379592795710695818e-06
1.444000000000000000e+03 3.345483123689028550e-06
1.446000000000000000e+03 3.311373451667361705e-06
1.448000000000000000e+03 3.277263779645694859e-06
1.450000000000000000e+03 3.243154107624028014e-06
1.452000000000000000e+03 3.209044435602361169e-06
1.454000000000000000e+03 3.174934763580694324e-06
1.456000000000000000e+03 3.140825091559027479e-06
1.458000000000000000e+03 3.106715419537360634e-06
1.460000000000000000e+03 3.072605747515693789e-06
1.462000000000000000e+03 3.038496075494026944e-06
1.464000000000000000e+03 3.004386403472360099e-06
1.466000000000000000e+03 2.970276731450693254e-06
1.468000000000000000e+03 2.936167059429026409e-06
1.470000000000000000e+03 2.902057387407359564e-06
1.472000000000000000e+03 2.867947715385692718e-06
1.474000000000000000e+03 2.833838043364025873e-06
1.476000000000000000e+03 2.799728371342359028e-06
1.478000000000000000e+03 2.765618699320692183e-06
1.480000000000000000e+03 2.731509027299025338e-06
1.482000000000000000e+03 2.697399355277358917e-06
1.484000000000000000e+03 2.663289683255691648e-06
1.486000000000000000e+03 2.629180011234024803e-06
1.488000000000000000e+03 2.595070339212357958e-06
1.490000000000000000e+03 2.560960667190691113e-06
1.492000000000000000e+03 2.526850995169024268e-06
1.494000000000000000e+03 2.492741323147357423e-06
1.496000000000000000e+03 2.458631651125690578e-06
1.498000000000000000e+03 2.424521979104023732e-06
1.500000000000000000e+03 2.390412307082356887e-06
1.502000000000000000e+03 2.388897999316267443e-06
1.504000000000000000e+03 2.387383691550177575e-06
1.506000000000000000e+03 2.385869383784088553e-06
1.508000000000000000e+03 2.384355076017999109e-06
1.510000000000000000e+03 2.382840768251909241e-06
1.512000000000000000e+03 2.381326460485819796e-06
1.514000000000000000e+03 2.379812152719730351e-06
1.516000000000000000e+03 2.378297844953640907e-06
1.518000000000000000e+03 2.376783537187551886e-06
1.520000000000000000e+03 2.375269229421462018e-06
1.522000000000000000e+03 2.373754921655372573e-06
1.524000000000000000e+03 2.372240613889283552e-06
1.526000000000000000e+03 2.370726306123193684e-06
1.528000000000000000e+03 2.369211998357104239e-06
1.530000000000000000e+03 2.367697690591014794e-06
1.532000000000000000e+03 2.366183382824924926e-06
1.534000000000000000e+03 2.364669075058835905e-06
1.536000000000000000e+03 2.363154767292746461e-06
1.538000000000000000e+03 2.361640459526656592e-06
1.540000000000000000e+03 2.360126151760567148e-06
1.542000000000000000e+03 2.358611843994477703e-06
1.544000000000000000e+03 2.357097536228388259e-06
1.546000000000000000e+03 2.355583228462299238e-06
1.548000000000000000e+03 2.354068920696209369e-06
1.550000000000000000e+03 2.352554612930119925e-06
1.552000000000000000e+03 2.351040305164030480e-06
1.554000000000000000e+03 2.349525997397941036e-06
1.556000000000000000e+03 2.348011689631851591e-06
1.558000000000000000e+03 2.346497381865761723e-06
1.560000000000000000e+03 2.344983074099672278e-06
1.562000000000000000e+03 2.343468766333582834e-06
1.564000000000000000e+03 2.341954458567493389e-06
1.566000000000000000e+03 2.340440150801403944e-06
1.568000000000000000e+03 2.338925843035314500e-06
1.570000000000000000e+03 2.337411535269225055e-06
1.572000000000000000e+03 2.335897227503135187e-06
1.574000000000000000e+03 2.334382919737046166e-06
1.576000000000000000e+03 2.332868611970956298e-06
1.578000000000000000e+03 2.331354304204866853e-06
1.580000000000000000e+03 2.329839996438777408e-06
1.582000000000000000e+03 2.328325688672687964e-06
1.584000000000000000e+03 2.326811380906598519e-06
1.586000000000000000e+03 2.325297073140509075e-06
1.588000000000000000e+03 2.323782765374419630e-06
1.590000000000000000e+03 2.322268457608330185e-06
1.592000000000000000e+03 2.320754149842240741e-06
1.594000000000000000e+03 2.319239842076151296e-06
1.596000000000000000e+03 2.317725534310061851e-06
1.598000000000000000e+03 2.316211226543972407e-06
1.600000000000000000e+03 2.314696918777882962e-06
1.602000000000000000e+03 2.313182611011793518e-06
1.604000000000000000e+03 2.311668303245704073e-06
1.606000000000000000e+03 2.310153995479614205e-06
1.608000000000000000e+03 2.308639687713525184e-06
1.610000000000000000e+03 2.307125379947435316e-06
1.612000000000000000e+03 2.305611072181345871e-06
1.614000000000000000e+03 2.304096764415256426e-06
1.616000000000000000e+03 2.302582456649166982e-06
1.618000000000000000e+03 2.301068148883077537e-06
1.620000000000000000e+03 2.299553841116988092e-06
1.622000000000000000e+03 2.298039533350898648e-06
1.624000000000000000e+03 2.296525225584808780e-06
1.626000000000000000e+03 2.295010917818719759e-06
1.628000000000000000e+03 2.293496610052629890e-06
1.630000000000000000e+03 2.291982302286540446e-06
1.632000000000000000e+03 2.290467994520451001e-06
1.634000000000000000e+03 2.288953686754361557e-06
1.636000000000000000e+03 2.287439378988272112e-06
1.638000000000000000e+03 2.285925071222182667e-06
1.640000000000000000e+03 2.284410763456093223e-06
1.642000000000000000e+03 2.282896455690003778e-06
1.644000000000000000e+03 2.281382147923914333e-06
1.646000000000000000e+03 2.279867840157824465e-06
1.648000000000000000e+03 2.278353532391735444e-06
1.650000000000000000e+03 2.276839224625645576e-06
1.652000000000000000e+03 2.275324916859556131e-06
1.654000000000000000e+03 2.273810609093466687e-06
1.656000000000000000e+03 2.272296301327377242e-06
1.658000000000000000e+03 2.270781993561287798e-06
1.660000000000000000e+03 2.269267685795198353e-06
1.662000000000000000e+03 2.267753378029108908e-06
1.664000000000000000e+03 2.266239070263019040e-06
1.666000000000000000e+03 2.264724762496930019e-06
1.668000000000000000e+03 2.263210454730840151e-06
1.670000000000000000e+03 2.261696146964751130e-06
1.672000000000000000e+03 2.260181839198661262e-06
1.674000000000000000e+03 2.258667531432572241e-06
1.676000000000000000e+03 2.257153223666482372e-06
1.678000000000000000e+03 2.255638915900392928e-06
1.680000000000000000e+03 2.254124608134303483e-06
1.682000000000000000e+03 2.252610300368214039e-06
1.684000000000000000e+03 2.251095992602124594e-06
1.686000000000000000e+03 2.249581684836035149e-06
1.688000000000000000e+03 2.248067377069945705e-06
1.690000000000000000e+03 2.246553069303856260e-06
1.692000000000000000e+03 2.245038761537766815e-06
1.694000000000000000e+03 2.243524453771677371e-06
1.696000000000000000e+03 2.242010146005587503e-06
1.698000000000000000e+03 2.240495838239498058e-06
1.700000000000000000e+03 2.238981530473408613e-06
1.702000000000000000e+03 2.237467222707319169e-06
1.704000000000000000e+03 2.235952914941229724e-06
1.706000000000000000e+03 2.234438607175140280e-06
1.708000000000000000e+03 2.232924299409050835e-06
1.710000000000000000e+03 2.231409991642961390e-06
1.712000000000000000e+03 2.229895683876871946e-06
1.714000000000000000e+03 2.228381376110782078e-06
1.716000000000000000e+03 2.226867068344693056e-06
1.718000000000000000e+03 2.225352760578603612e-06
1.720000000000000000e+03 2.223838452812513744e-06
1.722000000000000000e+03 2.222324145046424299e-06
1.724000000000000000e+03 2.220809837280334854e-06
1.726000000000000000e+03 2.219295529514245410e-06
1.728000000000000000e+03 2.217781221748155965e-06
1.730000000000000000e+03 2.216266913982066521e-06
1.732000000000000000e+03 2.214752606215976652e-06
1.734000000000000000e+03 2.213238298449887631e-06
1.736000000000000000e+03 2.211723990683797763e-06
1.738000000000000000e+03 2.210209682917708742e-06
1.740000000000000000e+03 2.208695375151619297e-06
1.742000000000000000e+03 2.207181067385529429e-06
1.744000000000000000e+03 2.205666759619439985e-06
1.746000000000000000e+03 2.204152451853350964e-06
1.748000000000000000e+03 2.202638144087261095e-06
1.750000000000000000e+03 2.201123836321171651e-06
1.752000000000000000e+03 2.198668785801435013e-06
1.754000000000000000e+03 2.196213735281698376e-06
1.756000000000000000e+03 2.193758684761961738e-06
1.758000000000000000e+03 2.191303634242225100e-06
1.760000000000000000e+03 2.188848583722488463e-06
1.762000000000000000e+03 2.186393533202751825e-06
1.764000000000000000e+03 2.183938482683015187e-06
1.766000000000000000e+03 2.181483432163278550e-06
1.768000000000000000e+03 2.179028381643541912e-06
1.770000000000000000e+03 2.176573331123805274e-06
1.772000000000000000e+03 2.174118280604069060e-06
1.774000000000000000e+03 2.171663230084332423e-06
1.776000000000000000e+03 2.169208179564595362e-06
1.778000000000000000e+03 2.166753129044858724e-06
1.780000000000000000e+03 2.164298078525122510e-06
1.782000000000000000e+03 2.161843028005385872e-06
1.784000000000000000e+03 2.159387977485649234e-06
1.786000000000000000e+03 2.156932926965912173e-06
1.788000000000000000e+03 2.154477876446175959e-06
1.790000000000000000e+03 2.152022825926438898e-06
1.792000000000000000e+03 2.149567775406702684e-06
1.794000000000000000e+03 2.147112724886966046e-06
1.796000000000000000e+03 2.144657674367229409e-06
1.798000000000000000e+03 2.142202623847493194e-06
1.800000000000000000e+03 2.139747573327756133e-06
1.802000000000000000e+03 2.137292522808019496e-06
1.804000000000000000e+03 2.134837472288282858e-06
1.806000000000000000e+03 2.132382421768546644e-06
1.808000000000000000e+03 2.129927371248809583e-06
1.810000000000000000e+03 2.127472320729072945e-06
1.812000000000000000e+03 2.125017270209336307e-06
1.814000000000000000e+03 2.122562219689600093e-06
1.816000000000000000e+03 2.120107169169863032e-06
1.818000000000000000e+03 2.117652118650126818e-06
1.820000000000000000e+03 2.115197068130389757e-06
1.822000000000000000e+03 2.112742017610653119e-06
1.824000000000000000e+03 2.110286967090916482e-06
1.826000000000000000e+03 2.107831916571180268e-06
1.828000000000000000e+03 2.105376866051443206e-06
1.830000000000000000e+03 2.102921815531706992e-06
1.832000000000000000e+03 2.100466765011969931e-06
1.834000000000000000e+03 2.098011714492233717e-06
1.836000000000000000e+03 2.095556663972497079e-06
1.838000000000000000e+03 2.093101613452760442e-06
1.840000000000000000e+03 2.090646562933023804e-06
1.842000000000000000e+03 2.088191512413287166e-06
1.844000000000000000e+03 2.085736461893550529e-06
1.846000000000000000e+03 2.083281411373813891e-06
1.848000000000000000e+03 2.080826360854077253e-06
1.850000000000000000e+03 2.078371310334340616e-06
1.852000000000000000e+03 2.075916259814603978e-06
1.854000000000000000e+03 2.073461209294867341e-06
1.856000000000000000e+03 2.071006158775130703e-06
1.858000000000000000e+03 2.068551108255394065e-06
1.860000000000000000e+03 2.066096057735657851e-06
1.862000000000000000e+03 2.063641007215920790e-06
1.864000000000000000e+03 2.061185956696184576e-06
1.866000000000000000e+03 2.058730906176447515e-06
1.868000000000000000e+03 2.056275855656710877e-06
1.870000000000000000e+03 2.053820805136974239e-06
1.872000000000000000e+03 2.051365754617237602e-06
1.874000000000000000e+03 2.048910704097500964e-06
1.876000000000000000e+03 2.046455653577764326e-06
1.878000000000000000e+03 2.044000603058027689e-06
1.880000000000000000e+03 2.041545552538291051e-06
1.882000000000000000e+03 2.039090502018554414e-06
1.884000000000000000e+03 2.036635451498818199e-06
1.886000000000000000e+03 2.034180400979081138e-06
1.888000000000000000e+03 2.031725350459344924e-06
1.890000000000000000e+03 2.029270299939607863e-06
1.892000000000000000e+03 2.026815249419871649e-06
1.894000000000000000e+03 2.024360198900135011e-06
1.896000000000000000e+03 2.021905148380398374e-06
1.898000000000000000e+03 2.019450097860661736e-06
1.900000000000000000e+03 2.016995047340925098e-06
1.902000000000000000e+03 2.014539996821188461e-06
1.904000000000000000e+03 2.012084946301451823e-06
1.906000000000000000e+03 2.009629895781715185e-06
1.908000000000000000e+03 2.007174845261978548e-06
1.910000000000000000e+03 2.004719794742241910e-06
1.912000000000000000e+03 2.002264744222505272e-06
1.914000000000000000e+03 1.999809693702768635e-06
1.916000000000000000e+03 1.997354643183031997e-06
1.918000000000000000e+03 1.994899592663295360e-06
1.920000000000000000e+03 1.992444542143559145e-06
1.922000000000000000e+03 1.989989491623822508e-06
1.924000000000000000e+03 1.987534441104085870e-06
1.926000000000000000e+03 1.985079390584349232e-06
1.928000000000000000e+03 1.982624340064612595e-06
1.930000000000000000e+03 1.980169289544875957e-06
1.932000000000000000e+03 1.977714239025139320e-06
1.934000000000000000e+03 1.975259188505402682e-06
1.936000000000000000e+03 1.972804137985666044e-06
1.938000000000000000e+03 1.970349087465929407e-06
1.940000000000000000e+03 1.967894036946192769e-06
1.942000000000000000e+03 1.965438986426456131e-06
1.944000000000000000e+03 1.962983935906719494e-06
1.946000000000000000e+03 1.960528885386982856e-06
1.948000000000000000e+03 1.958073834867246218e-06
1.950000000000000000e+03 1.955618784347509581e-06
1.952000000000000000e+03 1.953163733827772943e-06
1.954000000000000000e+03 1.950708683308036305e-06
1.956000000000000000e+03 1.948253632788299668e-06
1.958000000000000000e+03 1.945798582268563030e-06
1.960000000000000000e+03 1.943343531748826393e-06
1.962000000000000000e+03 1.940888481229089755e-06
1.964000000000000000e+03 1.938433430709353117e-06
1.966000000000000000e+03 1.935978380189616480e-06
1.968000000000000000e+03 1.933523329669879842e-06
1.970000000000000000e+03 1.931068279150143628e-06
1.972000000000000000e+03 1.928613228630406567e-06
1.974000000000000000e+03 1.926158178110670353e-06
1.976000000000000000e+03 1.923703127590933291e-06
1.978000000000000000e+03 1.921248077071197077e-06
1.980000000000000000e+03 1.918793026551460016e-06
1.982000000000000000e+03 1.916337976031723802e-06
1.984000000000000000e+03 1.913882925511987164e-06
1.986000000000000000e+03 1.911427874992250527e-06
1.988000000000000000e+03 1.908972824472513889e-06
1.990000000000000000e+03 1.906517773952777040e-06
1.992000000000000000e+03 1.904062723433040614e-06
1.994000000000000000e+03 1.901607672913303764e-06
1.996000000000000000e+03 1.899152622393567339e-06
1.998000000000000000e+03 1.896697571873830489e-06
2.000000000000000000e+03 1.894242521354094063e-06
2.002000000000000000e+03 1.891915061531425447e-06
2.004000000000000000e+03 1.889587601708756620e-06
2.006000000000000000e+03 1.887260141886088004e-06
2.008000000000000000e+03 1.884932682063419388e-06
2.010000000000000000e+03 1.882605222240750772e-06
2.012000000000000000e+03 1.880277762418081944e-06
2.014000000000000000e+03 1.877950302595413328e-06
2.016000000000000000e+03 1.875622842772744712e-06
2.018000000000000000e+03 1.873295382950075885e-06
2.020000000000000000e+03 1.870967923127407269e-06
2.022000000000000000e+03 1.868640463304738653e-06
2.024000000000000000e+03 1.866313003482070037e-06
2.026000000000000000e+03 1.863985543659401209e-06
2.028000000000000000e+03 1.861658083836732593e-06
2.030000000000000000e+03 1.859330624014063977e-06
2.032000000000000000e+03 1.857003164191395361e-06
2.034000000000000000e+03 1.854675704368726533e-06
2.036000000000000000e+03 1.852348244546058129e-06
2.038000000000000000e+03 1.850020784723389513e-06
2.040000000000000000e+03 1.847693324900720686e-06
2.042000000000000000e+03 1.845365865078052070e-06
2.044000000000000000e+03 1.843038405255383454e-06
2.046000000000000000e+03 1.840710945432714838e-06
2.048000000000000000e+03 1.838383485610046010e-06
2.050000000000000000e+03 1.836056025787377394e-06
2.052000000000000000e+03 1.833728565964708778e-06
2.054000000000000000e+03 1.831401106142039951e-06
2.056000000000000000e+03 1.829073646319371546e-06
2.058000000000000000e+03 1.826746186496702930e-06
2.060000000000000000e+03 1.824418726674034315e-06
2.062000000000000000e+03 1.822091266851365275e-06
2.064000000000000000e+03 1.819763807028696659e-06
2.066000000000000000e+03 1.817436347206028255e-06
2.068000000000000000e+03 1.815108887383359427e-06
2.070000000000000000e+03 1.812781427560690811e-06
2.072000000000000000e+03 1.810453967738022195e-06
2.074000000000000000e+03 1.808126507915353579e-06
2.076000000000000000e+03 1.805799048092684752e-06
2.078000000000000000e+03 1.803471588270016136e-06
2.080000000000000000e+03 1.801144128447347520e-06
2.082000000000000000e+03 1.798816668624678904e-06
2.084000000000000000e+03 1.796489208802010076e-06
2.086000000000000000e+03 1.794161748979341672e-06
2.088000000000000000e+03 1.791834289156673056e-06
2.090000000000000000e+03 1.789506829334004228e-06
2.092000000000000000e+03 1.787179369511335612e-06
2.094000000000000000e+03 1.784851909688666997e-06
2.096000000000000000e+03 1.782524449865998381e-06
2.098000000000000000e+03 1.780196990043329553e-06
2.100000000000000000e+03 1.777869530220660937e-06
2.102000000000000000e+03 1.775542070397992321e-06
2.104000000000000000e+03 1.773214610575323493e-06
2.106000000000000000e+03 1.770887150752654877e-06
2.108000000000000000e+03 1.768559690929986261e-06
2.110000000000000000e+03 1.766232231107317645e-06
2.112000000000000000e+03 1.763904771284648818e-06
2.114000000000000000e+03 1.761577311461980202e-06
2.116000000000000000e+03 1.759249851639311586e-06
2.118000000000000000e+03 1.756922391816642758e-06
2.120000000000000000e+03 1.754594931993974142e-06
2.122000000000000000e+03 1.752267472171305526e-06
2.124000000000000000e+03 1.749940012348636910e-06
2.126000000000000000e+03 1.747612552525968083e-06
2.128000000000000000e+03 1.745285092703299467e-06
2.130000000000000000e+03 1.742957632880630851e-06
2.132000000000000000e+03 1.740630173057962235e-06
2.134000000000000000e+03 1.738302713235293407e-06
2.136000000000000000e+03 1.735975253412624791e-06
2.138000000000000000e+03 1.733647793589956175e-06
2.140000000000000000e+03 1.731320333767287348e-06
2.142000000000000000e+03 1.728992873944618732e-06
2.144000000000000000e+03 1.726665414121950116e-06
2.146000000000000000e+03 1.724337954299281500e-06
2.148000000000000000e+03 1.722010494476612672e-06
2.150000000000000000e+03 1.719683034653944056e-06
2.152000000000000000e+03 1.717355574831275440e-06
2.154000000000000000e+03 1.715028115008606613e-06
2.156000000000000000e+03 1.712700655185937997e-06
2.158000000000000000e+03 1.710373195363269381e-06
2.160000000000000000e+03 1.708045735540600765e-06
2.162000000000000000e+03 1.705718275717931937e-06
2.164000000000000000e+03 1.703390815895263321e-06
2.166000000000000000e+03 1.701063356072594705e-06
2.168000000000000000e+03 1.698735896249926089e-06
2.170000000000000000e+03 1.696408436427257473e-06
2.172000000000000000e+03 1.694080976604588857e-06
2.174000000000000000e+03 1.691753516781920241e-06
2.176000000000000000e+03 1.689426056959251414e-06
2.178000000000000000e+03 1.687098597136582798e-06
2.180000000000000000e+03 1.684771137313914182e-06
2.182000000000000000e+03 1.682443677491245778e-06
2.184000000000000000e+03 1.680116217668576738e-06
2.186000000000000000e+03 1.677788757845908122e-06
2.188000000000000000e+03 1.675461298023239506e-06
2.190000000000000000e+03 1.673133838200570890e-06
2.192000000000000000e+03 1.670806378377902274e-06
2.194000000000000000e+03 1.668478918555233658e-06
2.196000000000000000e+03 1.666151458732565043e-06
2.198000000000000000e+03 1.663823998909896003e-06
2.200000000000000000e+03 1.661496539087227387e-06
2.202000000000000000e+03 1.659169079264558983e-06
2.204000000000000000e+03 1.656841619441890155e-06
2.206000000000000000e+03 1.654514159619221539e-06
2.208000000000000000e+03 1.652186699796552923e-06
2.210000000000000000e+03 1.649859239973884307e-06
2.212000000000000000e+03 1.647531780151215691e-06
2.214000000000000000e+03 1.645204320328547076e-06
2.216000000000000000e+03 1.642876860505878460e-06
2.218000000000000000e+03 1.640549400683209420e-06
2.220000000000000000e+03 1.638221940860541016e-06
2.222000000000000000e+03 1.635894481037872400e-06
2.224000000000000000e+03 1.633567021215203784e-06
2.226000000000000000e+03 1.631239561392534956e-06
2.228000000000000000e+03 1.628912101569866340e-06
2.230000000000000000e+03 1.626584641747197725e-06
2.232000000000000000e+03 1.624257181924529109e-06
2.234000000000000000e+03 1.621929722101860281e-06
2.236000000000000000e+03 1.619602262279191453e-06
2.238000000000000000e+03 1.617274802456523049e-06
2.240000000000000000e+03 1.614947342633854221e-06
2.242000000000000000e+03 1.612619882811185605e-06
2.244000000000000000e+03 1.610292422988516989e-06
2.246000000000000000e+03 1.607964963165848373e-06
2.248000000000000000e+03 1.605637503343179546e-06
2.250000000000000000e+03 1.603310043520510930e-06
2.252000000000000000e+03 1.600982583697842102e-06
2.254000000000000000e+03 1.598655123875173486e-06
2.256000000000000000e+03 1.596327664052504870e-06
2.258000000000000000e+03 1.594000204229836254e-06
2.260000000000000000e+03 1.591672744407167638e-06
2.262000000000000000e+03 1.589345284584499022e-06
2.264000000000000000e+03 1.587017824761830407e-06
2.266000000000000000e+03 1.584690364939161791e-06
2.268000000000000000e+03 1.582362905116492963e-06
2.270000000000000000e+03 1.580035445293824135e-06
2.272000000000000000e+03 1.577707985471155519e-06
2.274000000000000000e+03 1.575380525648486903e-06
2.276000000000000000e+03 1.573053065825818287e-06
2.278000000000000000e+03 1.570725606003149671e-06
2.280000000000000000e+03 1.568398146180481055e-06
2.282000000000000000e+03 1.566070686357812440e-06
2.284000000000000000e+03 1.563743226535143612e-06
2.286000000000000000e+03 1.561415766712474996e-06
2.288000000000000000e+03 1.559088306889806168e-06
2.290000000000000000e+03 1.556760847067137552e-06
2.292000000000000000e+03 1.554433387244468936e-06
2.294000000000000000e+03 1.552105927421800320e-06
2.296000000000000000e+03 1.549778467599131704e-06
2.298000000000000000e+03 1.547451007776463089e-06
2.300000000000000000e+03 1.545123547953794473e-06
2.302000000000000000e+03 1.542796088131125645e-06
2.304000000000000000e+03 1.540468628308457029e-06
2.306000000000000000e+03 1.538141168485788201e-06
2.308000000000000000e+03 1.535813708663119585e-06
2.310000000000000000e+03 1.533486248840450969e-06
2.312000000000000000e+03 1.531158789017782353e-06
2.314000000000000000e+03 1.528831329195113737e-06
2.316000000000000000e+03 1.526503869372445122e-06
2.318000000000000000e+03 1.524176409549776294e-06
2.320000000000000000e+03 1.521848949727107466e-06
2.322000000000000000e+03 1.519521489904438850e-06
2.324000000000000000e+03 1.517194030081770234e-06
2.326000000000000000e+03 1.514866570259101618e-06
2.328000000000000000e+03 1.512539110436433002e-06
2.330000000000000000e+03 1.510211650613764386e-06
2.332000000000000000e+03 1.507884190791095771e-06
2.334000000000000000e+03 1.505556730968426943e-06
2.336000000000000000e+03 1.503229271145758327e-06
2.338000000000000000e+03 1.500901811323089499e-06
2.340000000000000000e+03 1.498574351500420883e-06
2.342000000000000000e+03 1.496246891677752267e-06
2.344000000000000000e+03 1.493919431855083651e-06
2.346000000000000000e+03 1.491591972032415035e-06
2.348000000000000000e+03 1.489264512209746419e-06
2.350000000000000000e+03 1.486937052387077804e-06
2.352000000000000000e+03 1.484609592564408976e-06
2.354000000000000000e+03 1.482282132741740360e-06
2.356000000000000000e+03 1.479954672919071532e-06
2.358000000000000000e+03 1.477627213096402916e-06
2.360000000000000000e+03 1.475299753273734300e-06
2.362000000000000000e+03 1.472972293451065684e-06
2.364000000000000000e+03 1.470644833628397068e-06
2.366000000000000000e+03 1.468317373805728453e-06
2.368000000000000000e+03 1.465989913983059837e-06
2.370000000000000000e+03 1.463662454160391009e-06
2.372000000000000000e+03 1.461334994337722393e-06
2.374000000000000000e+03 1.459007534515053565e-06
2.376000000000000000e+03 1.456680074692384949e-06
2.378000000000000000e+03 1.454352614869716333e-06
2.380000000000000000e+03 1.452025155047047717e-06
2.382000000000000000e+03 1.449697695224379101e-06
2.384000000000000000e+03 1.447370235401710274e-06
2.386000000000000000e+03 1.445042775579041658e-06
2.388000000000000000e+03 1.442715315756373042e-06
2.390000000000000000e+03 1.440387855933704214e-06
2.392000000000000000e+03 1.438060396111035598e-06
2.394000000000000000e+03 1.435732936288366982e-06
2.396000000000000000e+03 1.433405476465698366e-06
2.398000000000000000e+03 1.431078016643029539e-06
2.400000000000000000e+03 1.428750556820360923e-06
2.402000000000000000e+03 1.426423096997692519e-06
2.404000000000000000e+03 1.424095637175023903e-06
2.406000000000000000e+03 1.421768177352355075e-06
2.408000000000000000e+03 1.419440717529686459e-06
2.410000000000000000e+03 1.417113257707017631e-06
2.412000000000000000e+03 1.414785797884349015e-06
2.414000000000000000e+03 1.412458338061680399e-06
2.416000000000000000e+03 1.410130878239011783e-06
2.418000000000000000e+03 1.407803418416343168e-06
2.420000000000000000e+03 1.405475958593674340e-06
2.422000000000000000e+03 1.403148498771005724e-06
2.424000000000000000e+03 1.400821038948337108e-06
2.426000000000000000e+03 1.398493579125668280e-06
2.428000000000000000e+03 1.396166119302999664e-06
2.430000000000000000e+03 1.393838659480331048e-06
2.432000000000000000e+03 1.391511199657662432e-06
2.434000000000000000e+03 1.389183739834993605e-06
2.436000000000000000e+03 1.386856280012324989e-06
2.438000000000000000e+03 1.384528820189656585e-06
2.440000000000000000e+03 1.382201360366987757e-06
2.442000000000000000e+03 1.379873900544319141e-06
2.444000000000000000e+03 1.377546440721650525e-06
2.446000000000000000e+03 1.375218980898981697e-06
2.448000000000000000e+03 1.372891521076313081e-06
2.450000000000000000e+03 1.370564061253644465e-06
2.452000000000000000e+03 1.368236601430975850e-06
2.454000000000000000e+03 1.365909141608307234e-06
2.456000000000000000e+03 1.363581681785638406e-06
2.458000000000000000e+03 1.361254221962969790e-06
2.460000000000000000e+03 1.358926762140301174e-06
2.462000000000000000e+03 1.356599302317632346e-06
2.464000000000000000e+03 1.354271842494963730e-06
2.466000000000000000e+03 1.351944382672295114e-06
2.468000000000000000e+03 1.349616922849626498e-06
2.470000000000000000e+03 1.347289463026957671e-06
2.472000000000000000e+03 1.344962003204289055e-06
2.474000000000000000e+03 1.342634543381620651e-06
2.476000000000000000e+03 1.340307083558951823e-06
2.478000000000000000e+03 1.337979623736283207e-06
2.480000000000000000e+03 1.335652163913614591e-06
2.482000000000000000e+03 1.333324704090945763e-06
2.484000000000000000e+03 1.330997244268277147e-06
2.486000000000000000e+03 1.328669784445608532e-06
2.488000000000000000e+03 1.326342324622939916e-06
2.490000000000000000e+03 1.324014864800271088e-06
2.492000000000000000e+03 1.321687404977602472e-06
2.494000000000000000e+03 1.319359945154933856e-06
2.496000000000000000e+03 1.317032485332265240e-06
2.498000000000000000e+03 1.314705025509596412e-06
2.500000000000000000e+03 1.312377565686927796e-06
